Arrayyyy lenssssssssss
[[  1.           1.          80.        ]
 [  1.           3.         130.        ]
 [  1.           5.          70.        ]
 [  1.           7.          30.        ]
 [  2.73205081   2.         170.        ]
 [  2.73205081   4.          40.        ]
 [  2.73205081   6.          10.        ]
 [  2.73205081   8.          40.        ]
 [  4.46410162   1.          60.        ]
 [  4.46410162   3.          90.        ]
 [  4.46410162   5.          20.        ]
 [  4.46410162   7.          70.        ]
 [  6.19615242   2.         100.        ]
 [  6.19615242   4.          40.        ]
 [  6.19615242   6.         160.        ]
 [  6.19615242   8.          50.        ]]

