[[ 15.97345133  72.00884956  69.83067401]
 [ 14.00877193 102.06140351  30.36268983]
 [ 17.97391304  15.03478261  83.15169464]
 [ 16.98275862  48.05172414 131.33191356]
 
 
 [ 39.03448276  90.04310345   6.52336047]
 [ 39.96551724  30.04310345 173.47663953]
 [ 42.98230088 114.96460177  41.68996593]
 [ 45.98230088  57.96460177  41.68996593]
 
 [ 64.          49.          90.        ]
 [ 66.06140351  15.00877193  59.63731017]
 [ 68.97345133 106.00884956  69.83067401]
 [ 69.00884956  76.97345133  20.16932599]
 
 [ 92.11304348  33.96521739  96.83194776]
 [ 90.98230088  56.96460177  41.68996593]
 [ 90.99115044  85.97345133 159.83067401]
 [ 93.98275862 118.94827586  48.66808644]]

