104.06140351  14.00877193  30.36268983  22.44288511  11.476378290.        
73.00884956  17.97345133  69.83067401  22.43163669  11.370996071.        
52.05172414  18.98275862 131.33191356  22.37502396  11.990500232.        
16.03478261  21.97391304  83.15169464  21.79259938  12.053143354. 
      
      
      
93.04310345  39.03448276   6.52336047  22.15063856  12.062787796.        
32.04310345  40.96551724 173.47663953  22.15063856  12.062787798.        
116.96460177  45.98230088  41.68996593  22.3369293   11.4244186610.        
58.96460177  50.98230088  41.68996593  22.3369293   11.4244186611.  
      
      
      
54.          64.          90.          21.23676058  11.9582607412.        
15.00877193  69.06140351  59.63731017  22.44288511  11.4763782914.        
112.00884956  73.97345133  69.83067401  22.43163669  11.3709960715.       
80.97345133  73.00884956  20.16932599  22.43163669  11.3709960716.  
    
    
      
37.97345133  94.97345133  97.19679648  21.04530085  12.0438984118.        
56.96460177  92.98230088  41.68996593  22.3369293   11.4244186619.        
85.97345133  92.99115044 159.83067401  22.43163669  11.3709960721.        
121.43564356  97.1980198   43.13222085  18.14926692  11.2615244125.        

