[  1.           1.          80.        ]
 [  1.           3.         130.        ]
 [  1.           5.          70.        ]
 [  1.           7.          30.        ]
 [  1.           9.         110.        ]
 [  1.          11.          70.        ]
 [  1.          13.         100.        ]
 [  1.          15.         170.        ]
 [  2.73205081   2.         170.        ]
 [  2.73205081   4.          40.        ]
 [  2.73205081   6.          10.        ]
 [  2.73205081   8.          40.        ]
 [  2.73205081  10.          80.        ]
 [  2.73205081  12.          90.        ]
 [  2.73205081  14.          40.        ]
 [  2.73205081  16.          50.        ]
 [  4.46410162   1.          60.        ]
 [  4.46410162   3.          90.        ]
 [  4.46410162   5.          20.        ]
 [  4.46410162   7.          70.        ]
 [  4.46410162   9.         140.        ]
 [  4.46410162  11.          70.        ]
 [  4.46410162  13.          20.        ]
 [  4.46410162  15.         120.        ]
 [  6.19615242   2.         100.        ]
 [  6.19615242   4.          40.        ]
 [  6.19615242   6.         160.        ]
 [  6.19615242   8.          50.        ]
 [  6.19615242  10.         120.        ]
 [  6.19615242  12.         110.        ]
 [  6.19615242  14.         130.        ]
 [  6.19615242  16.          50.        ]
 [  7.92820323   1.          30.        ]
 [  7.92820323   3.          90.        ]
 [  7.92820323   5.         170.        ]
 [  7.92820323   7.          60.        ]
 [  7.92820323   9.         160.        ]
 [  7.92820323  11.          50.        ]
 [  7.92820323  13.          40.        ]
 [  7.92820323  15.         120.        ]
 [  9.66025404   2.         130.        ]
 [  9.66025404   4.          20.        ]
 [  9.66025404   6.         100.        ]
 [  9.66025404   8.          70.        ]
 [  9.66025404  10.          10.        ]
 [  9.66025404  12.          90.        ]
 [  9.66025404  14.         140.        ]
 [  9.66025404  16.          50.        ]
 [ 11.39230485   1.          40.        ]
 [ 11.39230485   3.         140.        ]
 [ 11.39230485   5.          10.        ]
 [ 11.39230485   7.          30.        ]
 [ 11.39230485   9.          60.        ]
 [ 11.39230485  11.          70.        ]
 [ 11.39230485  13.         170.        ]
 [ 11.39230485  15.          70.        ]
 [ 13.12435565   2.          20.        ]
 [ 13.12435565   4.          90.        ]
 [ 13.12435565   6.          40.        ]
 [ 13.12435565   8.         160.        ]
 [ 13.12435565  10.         120.        ]
 [ 13.12435565  12.           0.        ]
 [ 13.12435565  14.         130.        ]
 [ 13.12435565  16.          40.        ]]

